56976/56976 [==============================] - 249s 4ms/step - loss: 0.0619 - accuracy: 0.9880
Test Loss: 0.0619
Test Accuracy: 0.9880
56976/56976 [==============================] - 126s 2ms/step
Accuracy: 0.9879784184144434
Precision: 0.9894763682588539
Recall: 0.9879784184144434
F1-Score: 0.9860806920111138

Classification Report:
                          precision    recall  f1-score   support

                 Benign       0.91      0.93      0.92     37607
              DDoS-ICMP       1.00      1.00      1.00    349699
               DDoS-SYN       1.00      0.99      0.99    172397
               DDoS-TCP       1.00      1.00      1.00    182598
               DDoS-UDP       1.00      1.00      1.00    569365
               DoS-ICMP       1.00      1.00      1.00     98432
                DoS-SYN       1.00      0.99      0.99     98595
                DoS-TCP       1.00      1.00      1.00     82096
                DoS-UDP       0.99      1.00      1.00    137553
MQTT-DDoS-Connect_Flood       1.00      1.00      1.00     41916
MQTT-DDoS-Publish_Flood       0.95      0.12      0.21      8416
 MQTT-DoS-Connect_Flood       0.95      0.98      0.96      3131
 MQTT-DoS-Publish_Flood       0.53      1.00      0.70      8505
    MQTT-Malformed_Data       0.93      0.42      0.58      1747
          Recon-OS_Scan       0.73      0.06      0.11      3834
       Recon-Ping_Sweep       0.57      0.62      0.60       186
        Recon-Port_Scan       0.84      0.97      0.90     22622
          Recon-VulScan       0.38      0.06      0.11      1034
               Spoofing       0.46      0.59      0.51      3488

               accuracy                           0.99   1823221
              macro avg       0.85      0.78      0.77   1823221
           weighted avg       0.99      0.99      0.99   1823221


Confusion Matrix:
 [[ 34941      0      0      1      2      0      0      1      0      0
       0      0      1     13     20     71    406      4   2147]
 [     1 349525      0      5     85     69      6      0      7      0
       0      0      0      0      0      0      0      0      1]
 [     5      0 171033    688    222     30    259     11     79      9
      47      0      6      0      0      0      8      0      0]
 [     0      2      3 182440     93      3      4     36     15      0
       0      0      1      0      0      0      1      0      0]
 [     1      9      0     28 568492     30     24     17    762      0
       0      0      2      0      0      0      0      0      0]
 [     1    256      0      3     14  97998     10     16    122      0
       0      0     12      0      0      0      0      0      0]
 [     0      0    619      0      0      0  97836      0      0      6
       0    132      0      0      0      0      2      0      0]
 [     0      0      0    123      0      0      0  81970      3      0
       0      0      0      0      0      0      0      0      0]
 [     0      0      0      0    103      5     13      6 137424      0
       0      0      1      0      0      1      0      0      0]
 [     1      0      0      0      0      0      3      0      0  41878
       5     29      0      0      0      0      0      0      0]
 [     1      0      0      0      0      2      3      2      0      0
    1013      0   7395      0      0      0      0      0      0]
 [     0      0      0      0      0      0      4      0      0     66
       0   3061      0      0      0      0      0      0      0]
 [     0      0      0      0      0      1      0      0      1      0
       0      0   8503      0      0      0      0      0      0]
 [   943      0      0      0      1      0      0      0      0      1
       0      0      0    735     11      1      2      1     52]
 [   459      0      0      0      0      0      0      0      0      0
       0      0      0      6    232      1   3132      3      1]
 [    69      0      0      0      0      0      0      0      0      0
       0      0      0      0      0    116      0      0      1]
 [   319      0      0      0      0      0      0      0      0      0
       0      0      0      3     35      2  21988     45    230]
 [   525      0      0      0      0      0      0      0      1      0
       0      0      0     29     19      3    390     64      3]
 [  1122      0      0      0      2      0      0      0      2      0
       0      0      0      6      2      8    242     50   2054]]
root@a09cc2ecebff:/workspace/src# 